%YAML:1.0
---
cameraMatrix: !!opencv-matrix
   rows: 3
   cols: 3
   dt: d
   data: [ 1.0039282801318955e+03, 0., 9.6026235847785108e+02, 0.,
       1.0055255756460552e+03, 5.1750498100713946e+02, 0., 0., 1. ]
distortionCoefficients: !!opencv-matrix
   rows: 1
   cols: 5
   dt: d
   data: [ 8.7358158116947679e-02, -1.7369254401683978e-01,
       -6.1224902691287171e-03, 3.4588350648306395e-03,
       8.3557894796730772e-02 ]
rotation: !!opencv-matrix
   rows: 3
   cols: 3
   dt: d
   data: [ 1., 0., 0., 0., 1., 0., 0., 0., 1. ]
projection: !!opencv-matrix
   rows: 4
   cols: 4
   dt: d
   data: [ 1.0039282801318955e+03, 0., 9.6026235847785108e+02, 0., 0.,
       1.0055255756460552e+03, 5.1750498100713946e+02, 0., 0., 0., 1.,
       0., 0., 0., 0., 1. ]
