%YAML:1.0
---
depthShift: 1.5901465645733692e+01
