%YAML:1.0
---
cameraMatrix: !!opencv-matrix
   rows: 3
   cols: 3
   dt: d
   data: [ 9.2632886025230206e+01, 0., 2.9743017352744187e+02, 0.,
       9.2635574551191922e+01, 1.8806708148234614e+02, 0., 0., 1. ]
distortionCoefficients: !!opencv-matrix
   rows: 1
   cols: 5
   dt: d
   data: [ 3.4651072850424838e-03, -5.1942630586537418e-04,
       -5.0640585981681901e-04, 3.7151788570889185e-03,
       1.3304113911775888e-05 ]
rotation: !!opencv-matrix
   rows: 3
   cols: 3
   dt: d
   data: [ 1., 0., 0., 0., 1., 0., 0., 0., 1. ]
projection: !!opencv-matrix
   rows: 4
   cols: 4
   dt: d
   data: [ 9.2632886025230206e+01, 0., 2.9743017352744187e+02, 0., 0.,
       9.2635574551191922e+01, 1.8806708148234614e+02, 0., 0., 0., 1.,
       0., 0., 0., 0., 1. ]
