%YAML:1.0
---
rotation: !!opencv-matrix
   rows: 3
   cols: 3
   dt: d
   data: [ 9.5248037442083411e-01, 9.3166194346494965e-02,
       -2.9000206305152187e-01, -6.2013953094657334e-02,
       9.9144706354043710e-01, 1.1483461942558107e-01,
       2.9822039830420954e-01, -9.1393546971520523e-02,
       9.5011147430564336e-01 ]
translation: !!opencv-matrix
   rows: 3
   cols: 1
   dt: d
   data: [ 1.1261188609770033e-01, -6.4149192886216885e-02,
       6.2032708829418159e-01 ]
essential: !!opencv-matrix
   rows: 3
   cols: 3
   dt: d
   data: [ 1.9338337103399571e-02, -6.0915864785062424e-01,
       -1.3218390933228180e-01, 5.5726621579598334e-01,
       6.8085513768032763e-02, -2.8688998049668146e-01,
       5.4117339036694481e-02, 1.1762525996292324e-01,
       -5.6716551972666070e-03 ]
fundamental: !!opencv-matrix
   rows: 3
   cols: 3
   dt: d
   data: [ -7.5438954073269090e-07, 2.3762621004823212e-05,
       -3.7669269799599525e-03, -2.1704451423998660e-05,
       -2.6517233522462612e-06, 7.9893233639004024e-03,
       9.8371603067378046e-03, -2.6052529466490587e-02, 1. ]
